0 0.286392 0.0412234 0.123418 0.0824468
0 0.920886 0.397606 0.0759494 0.125
0 0.962025 0.901596 0.0727848 0.191489
0 0.0996835 0.908245 0.183544 0.167553
0 0.856804 0.401596 0.0933544 0.138298
0 0.84731 0.287234 0.068038 0.106383
0 0.512658 0.043883 0.10443 0.087766
0 0.901899 0.285904 0.0632911 0.103723
0 0.880538 0.921543 0.134494 0.151596
0 0.609177 0.0531915 0.0981013 0.0957447
0 0.692247 0.152926 0.0996835 0.114362
0 0.775316 0.429521 0.0917722 0.140957
0 0.950158 0.531915 0.0933544 0.148936
0 0.034019 0.732713 0.068038 0.289894
0 0.688291 0.260638 0.10443 0.148936
0 0.596519 0.144947 0.107595 0.119681
0 0.95807 0.702128 0.0806962 0.180851
0 0.487342 0.139628 0.117089 0.135638
0 0.773734 0.272606 0.0917722 0.130319
0 0.86788 0.551862 0.106013 0.172872
0 0.039557 0.257979 0.0759494 0.196809
0 0.36788 0.128989 0.125 0.140957
0 0.58307 0.263298 0.112342 0.154255
0 0.878956 0.736702 0.118671 0.202128
0 0.231804 0.12234 0.140823 0.143617
0 0.295095 0.889628 0.197785 0.210106
0 0.0830696 0.105053 0.150316 0.156915
0 0.772943 0.574468 0.115506 0.191489
0 0.773734 0.781915 0.126582 0.228723
0 0.682753 0.396277 0.115506 0.170213
0 0.644778 0.828457 0.150316 0.257979
0 0.533228 0.619681 0.158228 0.234043
0 0.560127 0.412234 0.136076 0.191489
0 0.458861 0.257979 0.129747 0.170213
0 0.162184 0.272606 0.156646 0.183511
0 0.318829 0.260638 0.147152 0.175532
0 0.364715 0.658245 0.169304 0.257979
0 0.258703 0.448138 0.162975 0.220745
0 0.422468 0.429521 0.151899 0.204787
0 0.667722 0.591755 0.126582 0.210106
0 0.0870253 0.462766 0.161392 0.244681
0 0.176424 0.6875 0.19462 0.284574
0 0.489715 0.859043 0.175633 0.271277
